111111111111011101111111101111111111111111111111101110111011111111111111111111101111111111101111111110111111111110111111011111111111111111111111110111
011111111111111010111111111111111111111111111111111111111011111111110101111011111111111111111111011011101101111111111111011110111110110111111111011110
011111111111111110111111111111110111101101111101111011110111101011111111111101011111111111111111111111111111111111011111011110111111111111111011011101
111111111101111111111111111111101111111111101011111101111101111101111111110111111110101011111111101101111101111101111011111111111111111111011111111111
011111111111101111111111111010111111111110110111111111111111101011111111111111111111101111111111111111011111111111110111110101111111111011111110111111
101101111111011110111011001111111111111101111111111111111111111111111110111111111111101111011111111111111111010101111111011111111111111111111111111111
111110111110011110111110101111110111101111101111111101111011011111111111111111111111111111110111111111111111111111101111111111011111111011010111111111
011111111111111101101111111111111011111111111111111101111110111010011111111111111111111111111111111111111111111111111101111011101110110011101111110010
111011110111111111101011111111111011111111111111111111111111111111111110111110101111111111111111011111111111111111100111111111111111111111111111011111
111101111110111111111011111111111110111111111111111111111110111110011110111111101011101110111111111110111111111111111111111111111111001111111011111111
111111111110111111111111111111111011110111111111111101111111111111111011110111111001111111111111111011111111111111111101101111111101111011110011101111
111111111111111111111111011111111011111111110111101111101111110111111110101111011111111011011011111111111111101111111111111110111111111111111111111001
110001111111111110011111110110111111101111111110111101111101111111111111101101111100111000111111101100111101111101111111111111110011111111111111101111
111111111111010111111111000111111111111111111111111111110101111111111111111101110111011101111111111001011111111111111111101101111111111111101111111110
110110110111111111111111111110111111111011111111011111111110111111111111111011111011111111111111110111111111111111111100111110111111010111111110111111
111011111011111111110111101111111011111101111110111011111111110111101111111110111011111111111101110101111111111111111111111011111101111111111111101111
111110001101111111111111111101111111011111111111111111101111111111111111111011111111111111100111111111111111110111111111011111111101111111111111111101
110111111111110111111111111111111101110101111111011111111111111101011011111111111111011111011111111111111111111111101111111101111111111111111111011111
111111101111111111110111111111111110110111111111111111111011111111110111111111111111111111111111101111111011111111001111011101111111111111111111111110
110010110111111111101111111111111110111111011111111111110111111111111011111111011101111111111101011011111111111111101111111111111111101111111111111001
111101111111111111110111111111111111110111101111111111111111111000111110110101111111111110101010001011111111111111111111011111111111101111110111111111
111111111111111101111111111111101111111111111101111110111111111111111101111111111101111111111110111011111111111011111111111101111111011111111111011111
111111111111111111111111111110111011110111111110111011111111111110111111111111111111111111011111111111111111101111111111111101111111101011101111101111
111111111111011101111111111111111111111100001111110111111111111111111111111101110111111111111111101111111111111111111111111111111011101011101110011111
111101011010111111111001101111110110111110011111111110111111111111111111111110111111111111111111110111111111111111111101101111101111111111111111110110
011110111111111111111111011111111111111111011111111111111111111111111111111111111011111111111111111100110111111011111111111111110111111101111111011110
111111011011111011101111001111111111011111111111111111011110111110111111111111111111111111111111111111011111110111111111111111111011111111111111111111
111111101111111111111000111111010111111111101111110110011111110101111111111111110111111111111111111111111011111111101111111011111111110011101111011111
101001111101111111111111111111111101101111011011111111111111111111101111111111101111111101111111111111111111111111111111110111001111111111111111111111
111111111111111111111111111111111100101111111111111111111111111111111110111101110011111111111111111111111111111111111111010111111111011111111111101111
111111111111111111111111111111111111110111111111111111111101111111111101011101110111111111101111101111111111111111111001111111111111101011111111111111
111111111111101101111110111101110101111111111101111111111111111111111111011111111111111111111111101111111111111111111111111111111111111101011111111101
111111110111111111111111101111111111111011111110111111111101111010111011111111101001101111111111111111110111111111111111111111111111111111111111110110
111101111011111111111111011111111111011111111111111111111111111110111111110111111111011011111100111111110111111111111011111111011111111011111101111111
111111111111111111111111011111110101111111111111111111111011101111111111101011111101111111111111111111111111111111111111111011111111111111110111111110
111111111111111111111101011111111101111111111111111110111111111111111111111111111111111110110001111111111101111111110111111111111111100111111110110111
111011111111011011101110101100111110111111011110010111111111111111111111111111111011111111111011111110011111111111011111110110110111111110111111111111
101011001011111011111111111111101101111111111111111111011111111111111111111111111101100111111111111111111111111011111011111111101111111111101111111111
111111011101111111111111111111111111101011110111111101110111111111111111101101111111111111110111011111111111111111111111111011111111111111111011111111
111111011111111111111111111111111111111000111100111110101011111111111111011111111111111111111111111110011110111111010111101101111111110011011111111111
111011111101111110111111111011110111111011110111111110111111101111111111111111110111110111111111011101111011111101011101101111111111111111100110111111
101111111101111111111111111110111111111111111111111111111110111111111111111111111111111111111110111111011101111110111111111111101111111111111111111111
011111001111111111111111101111111111011111111101111001111111111111011111110110101001110111110011111111111111111111110111101101111111111111111111101111
111111111011110111111111111111111111111011111111111111111101111100011011111111111110111111110011111111110111111111101110110111110101111100101110111110
111111101111111101010101111011111011111111111111111111111111110111101111101111111110101111111110111111111111111111111110111111101011111111110111111011
010111111111111111111111111111111111011111111110111111111111110001101111101110101111111111101110111111100111111111111111111101111111111111111101110111
111111111111111111011111111101111110111111110111110111111110111110111111111111111111110111101111101111011011111111111111111011111111011111110101111111
111101111111011111011111111111111010111111111110111111111111111111111111111101110111111111101111111111111110111111111011111110111111011111111111111111
111111111110110111111111101111101111111111111011111110011111011111111111111111111111111010111111111111111100100111111111111111111111111111111111111011
111111111111111111111111111011111111111111111110111110111111111111111111111111111101111111111101111111111101111110111111110111111111111101101011001111
111111111110111111111110010111011110111111011111101110111110111011101111111111101111111011111111111111111111111011111111011111110101111101110111111111
111111111111111011111111111111111011111110011111111111111111111111111111011111111111111111011111111011110111111011111111111111111111101101111111011111
111111111111111111011111111111111111111100011111111111111101111111101111100111111111111111111111111111111111111111101111110111101010111110111111011110
110111111111111111111111011111110111111111111111111110111111111111111111111111111111111111111110111111111111111111111111111101111111111111111111110111
111111111111111111111111111011111011011111111110101111110111001111111110111011111111111111111110111101110110111111111110111110111111111111111101011111
111111111010111111011111111111111101111111111111111111101111011111111111111111111111101111111110111110110111111111111111110111111111110111111101111111
111111111111111111101111111111111111111111111111111111111111111011111111111111111111111011010111111111111111010111110111101011111011010111111111110111
111111111010111101111111111111011011111110111111111111110111101101111111111011101111111111101111011111111111111011101111111111111111101110111111111111
111111110111110111111110110111111011101111111111111111111111111111111111111111101111011111111111111111010111101111011111111111111011101111111111111111
111111111111111111111101011111110111111111111101111111111111111111111111101111110111111011101111111011111111111101111111101001111111111111101001101111
110111111111101111111111111111111110111010110110111111111010111101111011011111111011110101111111111111110011111011111111111111111111111111110111101111
111111111111110111111111111111110101111111101111111111111111111111111111111111111111111101111111111111111011111111111010101111111111111111111111111111
111111111111111101111011111010111111110111111101111101111001111111110111110110011111111111010011101111111111111101001110111111101111111111111111111110
111111111111111111111111111111111111111111111101111011111111111001110110111101111110011111111111111101111001111011011111110111111011111111111111111101
111111111111111110111100101111111111111111011111110011111111011111111111111111111111011111111111111111101111111111111110111110111111011111001111111111
111111100111111101111111111111111111110111110101111110111111111011011011111111111111111111001101110111111111101111111011111111101111111111111110111110
111101111111111111111111101111111111111111111111111111111111101111111111001111111111110111111111111010111111111111111111111111111111101111101110111111
111011101111011111111111110111111110110111111110010111111111011111111110011111111111111111111101011111111111111111111111111111111111101111111101111111
111111110111111110111111011111111111111111111111111101011111111111111111111101111101101111111111101111011111101111111011111111011100011111111111111111
111111111110111011111111111111111111110111111111111111001110011111111111111111110111111111111111110111111111111111111010111111111111111111111110111111
111110111111111111111101111111110011111111111111101111110111111111111110111111111001111111111111111111111111111111110011111111111111111111110111111111
011111111111111111111111111111111111111110111111111111111111111111111111111111111110111111010111111110011111111110001111111111111111111111111111011111
101110111111111111111011101011111101110111111110101111111111111111111111111111101111111111110011011101111111111111111111111111100111111111111111111011
111011111111111111111111111111111011111110111011111111101111111111111111111110111100110111101111111111011111111110111111111111011111011011011011111111
110110111110111111111111111111100111110011111111101111111111101111011111001111111111101111010111111111111110110111111011111111101111111111011111111011
111110101011101111110111111111111111111101111111111110111111111111111011111101100111111110101111110111111111110101111111111110111111101101111111111111
111111101011011111111111111011111111111011111111111111111011111111011111110111111111111011111111110111111101111111111111111111111111110111111111111111
111111111111011110111111111111110111100111111111111111111110111111111111111111111111101111101111111111111011111111111111111111111111111111111111111101
110111111011111111110110011111111111111111111101111111111001111111011101111111110111111111111111111101011101110111111011111101111111100111101111111111
111111111111101111111111111111111111111111111110111111111011111111101111111011011111111111111011111100111111111111111011111111111111101111100111101101
111111110110111111111111111111111111111111111111111111111111111111111111111111111111111111111111101011111111011111111111111111011111101111111011111111
011111110110101111111111111111111111111111111111000111111111111111100111111111111111111101111111111111111011111011111111111111111011111110111111111111
111111111111100111111111111111011111111111111111111110111011111110111111111101110111111111110111111111101111111111110111111111001111111011111111111111
101111111111111111111111101111110111011000111111111111011100111111111111011111111111111110110111011111111111111111111111111111110111111110111101111111
101011111111111110111111111111111111111111110101111111111111111111111111111101111111111111110101111111111111101111101111111111011111101111111011111011
111111111011111111111111111111111111111111111111111011111111011111111111011111111111111111111111110110011111111111111111110111011110111100111111111111
111111111111010110111111111111111111001111100111111101111111111011111111011111111111111111111111111011111111111111110111111111111111111111110111111111
111101111100111111101111111011111111111111111111101111111111111111110111111111111110111101111111111111011111111110111101011101011111111111011111101111
111111111111010111111111101111111111110111111110111110111101111011111111110111111111111111111111111111111111111111110111101111110101111111011011111111
111101111101111111110111100111010111111111111111111111111111111111111101100111111111111111110111111111111111111111111111111111111111111111011111101111
111110110111111111111111011111111111010111111111111111111111011111111101111101111111111111111111111011011111111111111111110100111110111111011111110111
111111111111110011111111111111111011111111111111111111111101110111101110111111101101111111111111111111111110111111101001011111110101111111111111111111
111110111111111111110111111111111111111111111011111111110111111001011111111111111111101011111111111111111011111011111111111111111111101100110111101111
111111101111101111111111111111111111111111111111110110111111111111111111111111011111111011111111111101101111011111111111011111101101111110111111110111
111111111111111111101111111111111101111111111111101111111111011111011101111110011111001011111111011111101011111111011111111111111111111111111110111111
111110011111111111111011111011011111111111111111101111011110110011111111111111111111110111111111111111111111111111111111111111111111111111111011011111
011110111111111111011111111111111101111111111111111110111011111111111111111101111111011111110111111111111011111111110011110111111111111111111111111111
111011111111101011111111101111111111111111111111111110111111111111111111111101111110111111111111011000111111111110111111101111111111111111111110011111
111111111111111101111111111111111111100101011011101110111111111011111111111011111111111110110111011111111111111111111011111111110111010011011110111111
111111111111111111101111111111111111111111111111111111001111111111111111111111111111111111111011111111111111010111111101111111111111111111101111111111
110111111010111111111111111011111111111111111101111111111011111110111111101111111111111111111111111111111101111110111111111101011111111101111111111011
100110111110111111101011111111111101011111111111101111111111111101101111011111111111111111111111101111101111111111011011111101011111111111101111111111
111110111111111110111001111001111111111110110111111110111111111111111111101111111111111011111011110111111011101111111011111111101111111111111101110111
111111111111111111111111101111111111111111111111111111101111111111111111011111111111111011111111111111111111111111100101111111111111111110111111111100
111001101111111111111111111111111111111111110111111011111111111111101001111111001111101111111111101111111111011111111011101111111101111111110111111111
111111111111110011111111111111011011111111111111101110111111111111011111111111111111111111111111111111111111111101111111111111111110111111111101111111
011111111111111111111111111111111111110111001111111111111011111101111111111111111111110111101111111010111110101111111101111111111011111111111111111111
111110111011111011111110101111111101111111011110111101111111111111111111111111011111011111101111111011111111111111011110010111111111111110111010111111
111111111101011111111111111111111111111110111111011111111111111111101111111111111111111111111111111111111111111111111111111111111110111101111111011111
111111111110111111111111111111011111111111111011110111111111110011110111111111101111101011111101110111111111111111101111111111111011111101011111101111
111111111110111111111111110111111101110101111110111010011010111111111111111111111101101111101011111111111011111111111111110111110111111111011111111111
111111110111111111111110111101111111111011111011111111110110101111111111111111011110111111111111111111111111111111111111111111111111111111111111111111
111111111110111111111110111111101111111111111111111111111101111111111111111111111111111111111111111111001111111111111111011111111111111111111011011111
111111111111111101111111111111111111111111111111110111111111111111111111111101111110111111111111111111111111111111111111111111101111111011111111111110
111111111111111011111111111111111110111111111111111111111110111110111111111111111111011111001111101011110111111111111111111111101111111111111111111111
111111111011110101111111111111110111111111111111111111111111101111011111111111111111111111111111111111111111101111111011111111011011111111111110111110
011111111111111111111011111111111111111101111111111111111111111101011111111111111111111011111111110111111111110011110111111111110111111101111111011011
111110111111101110111111011111101111111111111111101110111111101111111111011111111101110111111111101110110011111111111111111111111111101101000111111111
111111111111111100100111111111011111111111001111111011110111100111111111111011101011111011111101111011111111111110111111011110111111110111111011101111
111111111111111111111111101111111111111111111111111101111111111110101111111111111111111111111101111111111101111111111111111111111111111111111110101111
111111111110001101111111111011111111111110111111111110111101111111111101111111111011011111111101111111111111111111111111101111111111111111111111111111
001110111101110111111111011111111101111111111111111011111101011111111111110111111111111011111111111011111111111111111011111111111110111111110111111110
101101101111111101111111111010111111111110111111111111111111111111011111110111111111111111111111011111111111111111111111111011111110111111111111111111
111111011111111111011111111111111111111111110111111011111110011111110111111101111111111111111011111111111111111111111111111011111111111110101110111111
110101100111111110110111111111111111111111111101111111111111111111111111111111011111111111011110111111111101101111111111010111111111111011111110011110
110111011111111111111101111111111111111111111111111111101110101111111111111110101111011111111111111111111111110011111111111111110111111111111111111111
111111111111111101111111011111101111111111110111011110111111111111111111111111111111111111111111101111111111111101111110110011111111111111111101111111
111111111111111111011111111011111111101111111111111111111111101111111111111101111111110111011101111111111111110011111111111111111111110011111111111011
111111111111111101111111111111011111011110110110111101111110111111111111011011011111111111101111011111111111111111111111111111111001111111111111111111
110111111111011111111111111111111111111100111101111101101011100111111101111111110111111111101101111111111111111110111111101111101111111011111111101111
111011111111111111101110110110111111111111101111111111111111111111111111111111111011111111111111111111111111010111111111111111111111111111111111111111
111111111111111111101111111111110111111110110111110101111110111110111111110111111111111111111011011111111110111111110110111010111111101111111111101111
111111011111101111011111111111111111111101111111110110111110101111111111111111111111111111011111111111111111110111111111111110110111011111111111111111
111011111111111111111111111111111111111111111011111111111110101111111011110111110111101111101111111111111111111011101111111111111111111111111011111111
111110111111111111101011011111111011111011111011101111111111011111101011111101111111111110011111111110111111100111111111111111111110111110110111111110
111111111110101111111110111111111111111111110110111111111111111111111111111110111110111111101001111111011111111111101111111111011111111101111111101111
111111111111111111111110010111110111111111111111111011111111111111111111111011111111101111111111111111111110111011111001111111111111111111111111111111
111111111111111110111001101111111111111111111110111101010111111111111101111111111111111111111011111111111111111111101111011111111111111111111101111111
111111001011111111111011111111111111111111111111111111111111111111111110111111111111111111111111101111110111111111111111111011111111111111111111111110
011111111101111111111111011111111111111111011011111111111111011111111111110111101111111011111111111111111111111111111111101111111111111111001111111101
111111101111111111111111110111111111111111110111111011111010111000111111110111111001111111111111111111111111111111111011011111111111111111111111111111
110011111011111111111111101111111111111111111111111111101111101111111111111001111111111111111110111111111111111111111111100111111111111111111111111111
111111110101111111101101111111111111111111110111111111111111111111111111111111111110111101111111111111111101111111111111011111111111111110111111111111
111111011111011111111111111101111111111101111111111111111111111001111111111111111110111111111110111111111111111111011111111111111111111111111111111101
111101111011111111111001111111111111111111111110011111111010111111111111111111110111111111111011111111111111111111111111111111011111111111111111110101
111111111111111111111111111111111111111111111111111111111111111110111111111111110111111111111111110111111101111111111111011111111000111101111111111111
111111111111111111111110101111111111101111111101111111101111111111101111111101111111111010101111111111011111101111010111111111111111011111111111111111
111111110111111111101110111111111011111010111111011111111110111111111111111011110111111110001101111111111111111111111101101111111111111101111111111101
111111111001111111111101110111111111111111111111111011111111110011111111111011111111111111101110111111110101111101111111010111111111111111111101111010
011111111111101100110110111011001111111011111111111111111111011110111111111101111111111111011111111010101110011111111111011111111111111111111111110101
101111111101111111111011111111111111010111111111111110011111111111011111111101111111111110111111111110111011111111111111111111101110111111111111111101
111110111111111111111101111111111101111111111111111111111111111111110111111111111111111110011111111111101011111111111111111111111111111111111111111111
111001111101111111111111110111111101011111111111111111111111111111110111111111111111111110111111111111111111111011111111111111111010111111010110111111
111101111111111111111111111111111111111111111111111111111111101101111111010111111111011111111111011111111111111111111111111111111011011111111111111111
111111111111111111111111111101111111111111111111111111111111011011111101011111111110111111111111111111110111101111111111111101111101111101111101110111
111111111111100111111001111110111111011110110011111111111110111001111111111101111111111111111111111111111111111111100011111111111111111111111111111111
111111111111111111111101111110111101111111111011111011111111111111111111010111111111111101111101111111011111111111111110111111111111111111111101110111
110111111001101011011111111101111111111110111111110111111111111111111111111111111111110111111011111100111111110011111111111101011111111110111111011111
011111011111111111111111111011110101101110110111111111111111111011111111011111111101111101111111111111111111011111111111111111111111111111111111101110
111111111111101111111101011111010111100001111111111110111001101011111111111111111111011011111111111101111111110111011111111111111111011111111111111111
111111111111111110111011101111111111111111011011111011111011111111111111111110111111111111111011111110111111111111111111110011111111111111111111111111
001111111111111111111111111111111011111111111111111110111101111110111111110111011111101010111111110111110111001111101111111111110111111111111001111110
110101101111110111111111111101111111111110111110111111111110111111011111111111111111111111111111111111101110111110111111101111111111111111111111111110
111101101111111111111111111111111111111111111111111111111111111010111111010111111111011111111111111111111111101111111111111111111111111111111111110011
011111011111111111111111111111111111011111101110111111111111111111111111110111111111111111011111011101111111111111111111101111111111111101110111111111
111111111111111111111111111111111111111110111111111111111111111110111111011101111111111111111111111111111111110111111111111111111111111111011011111111
001111111011111111111111111111111111101111111111111011111011100111110111111111111111110111111111110111111001111101111111111111111110111111111111111111
011111111111101111111111111110110001111111110111111111111111110111101111101111111111111111111111111111111111110111111110111101110111111111111110111111
100011111111111110111111111111101111111111110011011111101111111111111111111111111101111111101111111111111111111111111111111111110111111111111111111011
111111111111111111111111111111111111110011111011111111001110111110111111111111110011011111111110111101111111100111111111111110111111111111111110111111
111110111011111111011110010111111110011110111111111111111111111011111111111111111111111111111111111111011111111111111111111111111111111111111111100111
011111111110111111111111111111011111111111111111111111111111101111111101111111111110101111111111110011111111111111111011100111100111111111111111111111
111110111111111100111111111101111011111111111011111111111111111111001111001111111111011111111110110111111101001111111111111111111111101111111110011111
010111111111111111111101111111111110011111111111110101111111111101100111111111111101111111111011111111111111111101101111111111111101111111110111011110
111111111111111111110111111101111111111111111110111111111111111110111110111101111111110111101111101111111111111111111111111011011111111111111111010111
111111111011111111111101101111111101111111111111111111110111111011011111111111111111111111101111111101111111111100111100111011111111111111101111110110
111111101111111111111111111111111101111111111111111101111011111111111111111111111111111101111011110111111111111101111011111011111111111101111111011011
110111111111111011100110111111111111011111110111111111100111111001101111111011111110111111111111011111110111111111010111101111111111010011111101111011
111011111111111111111111111111011111110111111010111111111111011111011111111111111111111111111110111111101111110111111111111111111111110011101111011111
011110111110111100110110111111111010011111111001101111111111111111111111111111011011011111110111111111011111111111011111111111111111111011111111111111
111111011111111011111111110111110011111111111111111111110111111111111101110101111111111111101111010111101111111111111100111111110111111111011011111111
111001111111110101101111101111110111110111111111101110111111101111111110111111111111111111111011111111110111111111011111011111101111111101111111111111
111111111111111111101111111111111011101111111011110111111111111110110111110111111100111101110111111011111101111111111111111111011111111111111111111101
111111111111111101111111111010111101111111111111101111111111111111110111111011101111111111111101111111110111111111111111111111111111111101110011111111
011110111101111011011011111111111111101110011111111100111111111111111111111111011111111111110111110111111111111011111111011011101011110111111111011111
110111111111011011111111111111111101111111110111011111100111001111111111111111111111011111111111111111111111010111011111111111011011111111111111111001
111111111110011110111111111011111111111111111111111111111101111010100111111111111111011011111101111111111111111111110111111111111101111111111111111111
110111101111111111110100111011111111111111111111110011011111011111111111110111111111110111111111101111111101111111111111111101111111110011111111111111
111111101111111111111011110111111110011111111111111101101111111111111111111111101111111111001111110111101101111110111110110111111111101111101111111111
111111111110011111111111011111111111111011011111110111111111111111111111101111111111111111111111110110111111111111111110111111111111111010111111111111
111111110111111111111111110111101111111111111111111011111111111111111110110111111111111101111111111101111111110101111111110110111111111111111111111111
111111111111011111111011101111001111111111011111111011001111111111111111111111111111111111111110111111111111110111101111111111101111111111011100101110
111101111111111011111111111111111111111101111110011111111111111111111111101111111111110111111111111111111101110111111111111111111111111111111011101111
111011111111110111111111110111111111111111111111111111011011110111111111111111110111111011110100111111111111111111111111111101111111111111111110110111
111111111111111111111101111111111111111111111111111101110101111101111101101111011110111111111111111111111101111101111111111111010111111111111111111111
110111111111111101110111111111111111111110111111111100111111001111110110111111110111111111111011111110111110111111111101111111111111111110111111110111
100111010101111110111110111111111111111101111110110111111111111111111111111111011011111110101110111111110001111111110111111111111111111111111111111111
011111111111111111111010110111011111100111111111111111111111111110110111111111111111111110111111111011111111011011111101111111111111011111111111011101
111111101111111111111110111111011011111011111110111000111111111111110101101001101001011101111110110111111101111111111111110111011110111110111111111111
111111111111111111111011111110111111111101111111111111110111110101111111111110111111111110011011111011111111111101111111111110111111111101111111011111
111111101101111111111111111111111111111111111101111111111110111100111111110111110111101110111111111111111111111101101111111111111111111111111101111101
111110111111100111111111111110111111111101111111001111110111111111111110111111111110111111111110111111111101111011111101111111011111111111111111111111
110111111110111011111111101111111011111111111111111110111111011111111110001111111111111111111101011111110111111011111111111111111111101111111011111111
111110110011011111111111111111000111101101100101111011111111111111111111111111111111111111111011110111111110111101110111000101111111111111110110111111
111111111111111110111111111111111001111011111111011111111111111111011111111111111111111111111111111111111111111111111011101111111101111111111111111011
111111101011110111111011111111111111111111110111111111101111111111111111101111110011111111111110101111111011111110111011011111111110111111111011011111
111111111111111111111111101110111111111111111101111111111011001011111111100110111111111111111111111110111111111111111111111111111111011111111111111111
111101111111101111110111111111011101101111111111111111111011111111111111110101111111111111111111110111111111111111111111111011111111101111011101111011
111011011111111111111111111111110111111111111111010111111111111111111111111111111111111111111111101111011111111101110111010111111111011111111011111110
111111111010111111111111111111111111110111101011101111110111111111111110110111111110111111110111011111111101111011011111101111111111110100111111111111
111111011111111111111111111111111111101111111111111111111011111111111110101111111111111111111111111011111110101011111110011110111011111101111011111111
111111111111110010101111111111010111111111111111011111111011111111101011111111111111111101111111101001001111101111111111111111011111111110110011111111
111111111111111111110111111111111101011101111111111111111101111011111111111101111111111111111010111110111011110111111111111111110111111011111111111111
111101111111101111011111111111111111111011111111111111111011111011111111110011110111111111111111111111111111111111110101101111111111101111111011111111
011111111111111111110111111111111101110111110111111111111111111110111111011111110111111111101101111111111111111111001111110111111111111111111111111111
101111111011111111111111111111011110111111111111111110111111111111111111111111011110111111101111111110111111011110111111111101111111111111011111101111
111101111111011111111111111011111111101110111011111111111111011111011101111111001111011111111111111111111111111111111011111111111111111111111110111111
111110011111101111111111111110101111111111011110111111010111111111101111111111011111111110111111111110111111111111100011101111111111111111110101111000
111011111111011011111101101111111011111011110111111110011111111111111111111111110110111101111111101111111111010111110110101111111111011110111101111011
111111111111110111111111111111111111111011111111111111111111111111111111011101111111110011111111111111111111111101111111111111101111111111111111111101
111111111011110111010101111101111111011111111111111111110110111111111111011111111101111111111111110110111110111111111111111111111111111111111111111101
111111111111111101111110011111101111011110111111111111111111111111110111111111011011110111111010111111111111111111111111111111111110111111111111111111
110111111011001111111111111101111111111101111111111111111111111011111011111111111101111000111111111111111111110110111111111111111101111111111111111100
011011111111111111011111110110111111111111111011001111111111111111011111111111111111101111111001111111111011111011111111011111111111111111111111111111
111111111111111111101111111111111111101111111101111111111111111111110111111111111100111101111111011011111111011111111111111011111111111111111110101111
111111111111111011110111111110110111111111111111111101111110111111111100111111111111111111111111111101111111111111111111111110111101110111110111011111
111111111011110111111110011111010111011111111011111111111101111111111111111111110111111111101111111111101111110111110111111111101111111001111111111111
011111111111111111111111110111111111110111001111110111111111101111111111111101111111111101111111111111111111111111111111011111111111101101111111111111
111111110111111110111101111111111111111111111111111111111111111111110111111110111101111111111111111111010101111111111111111111011111110110111111111111
011111111111111111110111101111111111111111111111011011111111111111111111111111111111111001111101110101010111011101111111111111111101111111101111110110
111011101111111111111111111111101011111111111111111111111111111111111101111011111110111111111111111111111111111111101010111111111111111110101111111111
111111111110111111111111111111111111111111110111111111111011111111111010111111111110011111111111111111111111110101101111111111111111111111111101111111
111111111011111110111111111111111111111100111101111111111101111111111101111111101111110100111101101111111110011111111111111111111110111111111111111110
111101111111111111001111111111111111111111111011111111110111111111111111111111110111111111111111111111111111111111111111111111111111111011101011111111
111111110111111111111111111111111111111111101111111111111110111111101011110111111101111111111111111110111111111111111101110111010101111001111100110111
111111111111011110011111101111111111111101111111111111111111110111110111111101111111111101101111111111111111101111111111101111101111011111111111111011
111111111111111101111111111111111111111111111111111111111010111111111111111011111011110111101111111111111111111111110111111111101111111111111110111111
111111111111011111111111111011110111111111111111101111001101111111110111111111111111111111110111111111111011110111111011111111111111111111111111111110
111111111010111111111111111111111111111111111111111110111111111111101111111111111111111010011011111111101111111111111111100101100111101111111110110111
111111111111111111111111111100111111110111111011101111111101111111110111111111111111011110101011111111011111111101001111111111111110111001111101111111
011101111111111101111111111111111111111111111111111111110111111111111111111100111111111111110111111111111111110111101111101111011011101110111111111111
111101111111111111111111111111111111111110101111111011111111111111111111111111111111111101111111111111100111111111101111111111111111111111111111111111
111110111101111111111111111111111111111101111111111111101111001111111111111111111111110111111110111101111111111111111111111011011111111011110111011111
110111011111111101111111111111111111111111011111111111111111111111110111111111110111011111111011111110111010111111111111111111111011111111101100111111
011111111111110101101111111111111011111010111011101110111111111111110111111001111111111111111111110111111110111111010111111011111111111111111111111111
111111101111111111111111111011111111111101111101111111101101111111111111111111111111111111111111101111101111111111011111011110110111111111101111111111
111100111111101011110111111111111111111111111011001011101111110111110111110111111101110111111111111111111111111111111111101111110011111111111111101110
111110101111001111101111111011111111111111011111111101111111111111011111110111101111111111111111111111111111101111111111111111101110111111111111111111
111110111011110111101011111111111111111111111111111111101111111110111111111111110111111110011111111011111111111111111111110111011101100111111111111111
111111111111011011111111111111101101111111111111111111111110111101111111111111110111111111111111010111111111111100101111111011111111111011111111111101
111111111001111111111111101110111111111111111111111111111110111111111011111011111111011111111111101111111111111111011111011111101111111111011111110111
101111111111111111111111111011111111111111111101111010110111101011111011110110111101111101111111111111111111111111111111111100011111111111111110111011
110110110111111111111110111111010011111111111111111111111111111111111111111111111111111111111011110011111111010011101111111111111100111111111111111111
101101111111111011111111111111101111111111111111111011110111111111011111111111111111111111111111111110111111111111111011111111111011011111010100111111
111111111111111011111111101111110111101111111111111101111111111111111111101111011110010111111101111111101111011011111111111111110111111111111111111111
111111111111111111011111011111111101111011111111111111111111111111111101011011110111111111111111011111111111111110111111111101101011110110101111111111
101011111111111111110111011111010111111111111011011111111111111111111111111111011111111011111111111111111011111111111111111111011111111111111111101110
110111111111111111111111111101110111111111110111111111111111101011111110111110111111111100101111111111111111111111110100111111101111111111111111111111
111111111111111110111111111111111100111111111111111111111111101111111111111111011111111111101111111111111111111111111111111110110111111111111111111101
011111011111111111111111111111111111011111111111111101111010111111111100111111110111111111111111111011111111101111111111010101111111111011111111111101
111111111011110111110101011111111111111110111111111111111111101011101101111111111101011010111011111111100111111111111110111111111111111111101111111111
111111110111111010110001111111111111111111111011110100111111110100101111111101111111111111111011011101011111111111111111111111111111111011111110011111
111111111111111111111111111111111011010111111111111111111111111111111111111111101111111111011101111111110101111111011110111101111111111011110111111111
110111111110011111101111111111111111111101101111110111111011111111111101111101111110111111111111110111111111111111111111111111111111111011111111110111
111111111111111111111111111111111111111110111111111111111111111111011111110111111111111111111111111110011011111110111111111111111111110011111111111111
111111111110111111111111111110011101111111101111111110111111111111111111111110110110111111111111110111111111101111111111110111101111111111111111111111
111111101010111110111111111011111111111111110111111111111111111111111111111101111011101111111111111111111011111111111111111111110111111110111011111111
011110111011110111111111111111111111111111111101011101011111111111011111111110111101111111111110111111111111011111111110111111111111111111110111111101
110110011011111111111111111111111111111111111111111111111111111111111111111110111111111111100111111111111101111111111111111111111111111111110001111111
111111111111111111111111011110111111010111111111111111111111111111111111111111111101101111111111101111111111110110111101111111111111101111111111101111
111111111111111011111111110110111111111111111111001111111111111111111111111111001111111111011111011101111111111111011111111011111111111111111111111111
111110101111111001111111110111111111111111111111111011111101111110111111111111111111111111111111111011111111111111111111111111111110111101111111110111
011111111011111111110111111111110111101001111111111010001111111011111111111111111111101111010101111111111111110110110111111110111111111111111111101110
101111111111111111110101011101111111111111111111111101111111010111011111001011111111101111111111111111111111111111101111111111111111111111111111011110
110111110111111101111111111111111111110111101111111111110111111111011111101111111101101111101111111111111111111111101111111011111011110111100111111101
011111110011110111111110111111110111111101111101111111111111111101011111111111111111110111111011111111101111111111111101111010011111011111111111011111
111110111111110011111110111111011101111011101110111011011101111111111011111111110001111111111011111111111111011101111111101101111111111111111111111111
111010111111111111111111111011101111111101111111111110111111111101111111110011111111111111111111111111111110111111111111111111101011111111101101111111
111111111111110111111111110111111111110111011011110111111110111111110111111110111111111111111111011111101110111110111100111110111111111111111111111110
111011111101111111111001111111101101011111110111110110111111111111111111110111111111111111111011111111111111111110111111111111111101111111111111111011
111101111111111111111111111101111011111111111111111111110101111110111111111111111111011011110111111111111111011101101111111111111111110111011111111111
111011111111111111111011111111111111111111111110111111111111111111111111110111111111101111111111111111111111111110110111101111101111011110111110001011
111111111111111001011111111010111111111111100100111111111111111111111011111111111111101111111101111011101111110101111101111111110111111111111111111111
111111111110101111111011111111111011101111111111111111111111111110111111111111011110110111111111111111111111111101111111111011111111111111101111111110
101101111101111111111111111111111111111111111111111101100011110111111111111011111110110111111111111111111111111111111111101101110111111111111111101111
111111110111111111101111111111111111111111111111100111111111111111111111111111111111101111001111111111101111011111111111111111010111111111111111111111
111101011011111110011101111111111111111100101111110111111111011111111111101011111111111111111111111101111111111111111011111111011111110111111001111011
111111111111111111111111011111111111111111111111111111111011111111111111111111110111100011111111111111011111011110111111111000111111011111011101011111
111111111111111111111111111111111111111111111111111011111111111101111111111111111111111111111011011111111001111111111111111011111101111111111111111011
101111111111111111101111101101111110111111111111101111111111111111110111111111111111111111111111111111111101111111110111111111100101110110111111111111
111111111111111111111111111011111111111101111111111111111111111111111111111111001111101111111111111101111111101111111111111111111111111011101111110111
111111111111111111101111111101111111111111101111111011111111111101111111111111101001111111101111011111111111111111111111111111011111111111111011111111
111110100111110111111111111101111111111111111111111111111111111110111111111111111111111111011110111111111111111111101111111111111111011111011111111111
111111111111111111111110111111111111101110111111111111111111111111111111111111111101111101110011011101111111111111111111111111100111111111111011111111
111011101111111101111111111111111111111111111111111110111111111111111111011111111111111101111111111111111111111111110111111111111111111101111111111111
111100011110110111111111111111111111111111111111111111111111111110111011011111111110101111111110111111101111111111111111111111111111111111111110101111
111111111111111111111111111110111110011110101111111110011111111011011111111111111111111101111111110111011101111011111111011110011111001111110111101011
100111111011111111111100110111111110111111110111011111101111001111111111111111111111011101111111111111111111111111111111101111110111111111110011111111
001111110111111111111001111011111110111101111111111101011111111111111111111111101111111111111101111111111110110111111111111111111111111101111101111111
111111111111111111111111111111111001111110111111011111111111101111111111111111010111111111111111111011111101111111111101110111101111111111011111101111
101111111111111101011101110111111111111111111111011111111111011011111111111110111111111011111111111111111011111111111111111111111101111111111011101111
111001111111111111101111111111111011111111111111111011111111111011111011111111101111111001111111111111111011111111111111111111111110111111110111111111
101111111111111101111111111110111111111011111110111111111111111000111111111111111111111111111101111110111111101111111111111111110111111001111111111111
111111111111101101111111011111111101110111111100111111111111111101111111111111111111011111111111111101111011101111111111111111111111111111110110011111
011111110111101111111111010101101111111111111111111111111111111111111111111111101111111111111111111111111110111111111111111111111110010001011111111111
111111111111111111111111111111011011110011111101111111111110111111111111111111111111111101111110111110110101111111011111111101111111111111011111111110
111111111111110111011111111111000111101111111111111001111111111111011011111101111111110111111101111111111111111111111111111111111111111111111111111111
101111111111110111111011111111111111110011110110111110111110111101010111010111111111111111111110111111101111101111111111111111111111111001111101110111
011111111111111111111011111111011111111111011111111111011111111111111111110111111111111111101111111011111111111111111111111111111111011111111111111111
011111010101111110101111110111111011111111111111111011111111111111111111111111101110111111110101011111011011101111111011111111111101111111111111011111
111111110111111011111111110011111111111111011100010111111111111111111010110111111101111101011111101011101111111111111110111111111111101111111111111100
111111101110111101111111111111111111111101111110111111111111111111111111111111111111111111101110111111011111110110111111111010111111111111111110111111
101101111111111111011111100111111111111111101111111111011101111111011111111111111111111111111111111111110111111111111111111111001111111111111101011110
111111101011111111111111111111111111111111011110111111111111111111111111110011111111111111111111001111101111111110111110111111111111111011111111111111
111111111101111110111111101111111111111010111101111111111110111111101101111111110111111111111010110111011111111111101111111111111111011101111111111110
011111111110111111111111011110111111111111110101111111111111111111111111110110111111111111111111110111111111111111111111111111111111011011101111111111
010111011111111111101111110111111111111011111111011111111101111111111110111111111110111011111111111111111111111111100001111111111111111111111111111111
111111011111111111101111111011111011111110110011111111111111011101110110011011111101111111111111111110011111011111111111111111111111111111111110011111
111111111111010111101111111111111100111111110111111111111011110111111111110111111110111111011010111111111111111111101011111111111101111111011111111111
011111111110111110111111111101101111111111111111111101111111111111111111111111101111111101111011111111001111111111110110111111101111110001101011111111
111101111111111111111111110111110111110111111011111111111111101111111111111111110111111111101111111001111111111111111111111111111110011111111101011111
111111111111111111001111110110111111111110011101111011111111100110111011011111011101110011101011111111111111111111111111110111111011011111111111101111
111011111110111111111011111111111011111101111110110111011101110111011111111111110111111011101111101111111111111111111110010111111111101101111101111111
111111111111111111010100111111110111111111111110100111111101111111111101111111111111110011111101111111111011101111111111111110011110111111110111111111
111111111111110111011001111111111111011111111101100111101111111011111111011101111111111111011111111111111111111011111111011110111111111111111110110110
111111101111111011111011111111111101101111111111111111010110111111111111111111111011011111111111111111111111111111111011111011111110111111110110111110
111111111110011111101111111111111101011111111111101111111101111111111111111101011111111110111111110111101111110111111111100111011110111111101111111010
111111110111110011111111101101111111111111110110111111111111111111111011111011011111011111111111011101111111111111111110111110010111111101001110111111
111111011111111111111111101111011111111111111111011111111111111110011101111101110101111110111110111111111111111111111111111111011110101111111111011110
111110111011011110110111111111111111111111110011111111111111101111111111111101111111101101110111111111011111111111111111110111111110111111011111111111
111111110011011111011111111111111111111111111111011111101011111111111110111111111110110111111111111101110111111111101111111111111111111111111111111111
111011111101111111111111110101011110111011111111011111111100111111111111101111111111111111100111111111111111111111101111111111111111111101111111101111
011111111111111111110110110110111111111010111111111110111111111111111101110100111111111111111001111101011010101011101111110111111101101011011110110111
111111111111100111011111111111110111101101111111111111111111111111110110111111111111111111111111111111111110111111111111111111111010101011111111111111
111111111111111111111101111111111111111111111110111111110111111011111111111101111111111011101011111111011110101111101111111111111101101111111111111111
111011110110111111111110111111111111011101111111110111111111111111101111101111111111111111111111111111111111111011111111111111111111111111111111111001
110111111111111111111111111111111111011011100111111111101111110111011111111111111111111101111011111111111101111111111001111110110110011111111111111111
010111110011011111111111111110111111111111111111110111111111110111111111111111111111111111111111111111111111111101111111110111111101110111111111001111
110111011111111111100111111101111111111111111101111101101011101101110111111000110111011111111111111111111101111111011101111111110111111111111010111111
010101111111111111111111110011011011111111111111011111111101001110110110111111110111111111111011111111111111110111111111111101011111101111110011111111
011111110011101111111111111010111111111111110111111110111111111101111000011011111111101111111111011111110111111111111111111111111110111110111111011111
111111111100111111111111111111111111111101111011111110101111111111111100011111111111111111111111000011110011111111011111101101111111111011111111111111
011111111100101101111111111111111011101111111010111101111111111111111111111111111111111111111111110111011111111111111110111111101111111111111111110111
111111011111010111111111111111111111111111111111111101111111011110111111011111111111111111111111111111111111111111101111111111111001011111110111111011
111111111111111011101101011111110111011111111111111111111101101111111101111111111111011111111111111111110111011111111111011101111111111111111111111100
101111110111011111011111111111111011111011110010111111101111111111011111111011001111111011111111111111111111111111111111111111111111111111111111111111
111111111101111111111111111111110011111111111111111111111111111111110011111111111111111111010111110111110101011111111111110111111110011111111111111111
111111010111111110111111111011111111111001111111110111111111111111111111111111111111111110111111111011011111111111111111111111101111111111111111111110
111011111111111111111101111101111111001010111110111111101111111111111111111111011111110111010101111111111111111111111111111111101111111111111111111111
011111111111111110111111111111110111111111111111111011110111111111111110111011111111110111111100111101111111111111111111111111111101111111110111111111
111111111111111111111111111111111101111111111111111111111111111101111111111111111101111111111101111111111101110111111111111111111111111011100011111111
111110111100110111111111111111111100111110111111111111111111111111111111111010111111011100111111111111111111111111111111111101011111101111111111111111
111110111111101111111101111111111111111111001011111111011111011111110111111111111111111110011111111111111101111111111111111111111111111111111111101111
110111111110111101001111111111111111111110111111111111111111110111111111011110111111111111011010111110111111111111011101011111110111111111111110111111
101111111111110111111111111110100111111110111111110101111101111111111111111111111111010111011101111111111111111111110111111111111111111111111111111111
111110100111111100111111111111111111110111011110111111101011111111111111111111111111111111111101100111111101111111111111101011101111111111111111111111
111111110111111101111110111110011111101111111101111111011111110101111111111111111110111001111011111111111111111110111011011111111111111110011111101111
111111110111111011111111111111111101111111011111111111101111011110011111111111111111110110111111111111111110111111110111111011111110111110111111111111
101111111111110111110111111111111111110111111111111110111011111111111111011111111111111111111110111111111111101111111111111111111111111111111111111100
111111111111111110111111111111111111111111111110111111011111111110111111111111111111111111111111111111111111011110101111111111111111111111111111111011
111011111111011111110111111110111110111110111001111111011101111011011111111111110111111111001101111101101111111111010111111111111111111010110111111111
111111111110011111110111111111111111111111111101111111111111111111111111111111111111111111111111110110111101011111111111111111110111111111111000001111
111111111111011111111111111111111101111111111100111111111111111111111111111111111111111111111111111110111101111111111011111111111111111111101111111111
110111111111101111111111111111111111111111111111111111010111111111111111111111111111101111111111101111001111111111111111111111111111011101111111111111
111111111111111111110101011111111111111111111111101111111101111111111111111111111111011001111111111011111111101110111111111111111111111011111110111111
110111111111111111111111101110101111111111111011110111111111111111111111011111111111111111111111101111111111111110111111111110110111110111111111111011
111101110111111111111111001101111110111111111111111101111111111111111111111111101011110111111111111111001111111111111111111111111011100111111111111111
111111111111011011111011111111111111111111110011111111111111110011111110111111111111110111111111111111101111111111111111111111110101111111111111111111
011111111101111111111111111111111011101111111111111110111011111101111111001111010111111011111101101011111111111110111111111111111111111111111111111111
101101111111111111111111010111111110111111111111111110111111111111111111111111111111111111110111111111111001001111101001111111111100111111101110111111
011111111111101111111111111111111110111111111111110111111001111111111011111111111111011111111111110111111111111111101111101111101111110111111111011111
111111101111111111111101101110111111111111101001110100111110101111111111111111111111101111111111101111111110111111101111111111111111111110010111111101
111111101111111111111111101111111111111101111111111111111011111111111011111111111111111111111111101101111111111111111111111111111111111101011111011111
111101111111111111111011101110111011111111111110111111111111111111111111101111111111110111111011111111111110111111111111111111111101111111101111001111
111011101111111111111011111111011111111111011110111111111011111111111110111111111111111111011111111111111111010111011110111111111111110111010111111111
111011110101111011101111111111111111111110011111111101111111111101101111101111111111111111111111111111111011111111011111111111111111111111111011111111
111111111111111111111111111101111011111111111111111111111111111011111111011111111011101111111110111111111111111111101011111101111111101111111011111111
111111011111011111110111111111111111111101101111111011111111111111111111111111111101111111111111011111111111111111111111111011101111111011111111111111
111111011101111011111111111110111011111111111011111111111110111111111111111011111111111111111111111111110011101111101011111111111111111110110111101011
001111111111111101111111111111111111100111100111111111111111101111111010111111011010111111111111111111110111111111111111101111011111111111111111111011
111111111111111111111011111011111111111100110111111011111110010111111111011011111111111011010011011111101111101111111111111111110111011011101101111111
101111111111111110111111111111111111111111011111110111111101101101001111111011110111111111111111100111111111101111111111111111111110111111111110111101
111111111101011111011111111111011101111111111111111101111111111111111111110111111111111111101111111101111111111111111110111111111111110101111111111111
111111111111111111111111111111101111111111111111111111011101110111111111111111111111111011011011111111111111111111111011111111111111111111111011111111
111111110111111111111111011111111111110011111111101111111111110101101111101111111111111111111111111111111111111111111111111111111111111111111110111111
101111111110111101011111111110111111111111111111101111111111011111111001101111111111011111111110111111111011110111111111111111111111011110111110111111
111111101111111111111111111010111111011011111110101011110111111111111111111110111011111111111011111011010111111111101111110111111011111111011111111111
111111111111111111110111101011111011111111111011101111111100111111111111101110111111011011111101111101111111111101111111111111111011110111111111101111
011111111111111111110111101111111111111111111111111111101111111111110110111111110111111111101111111111111111111111110111111111111111011111101111010111
111111111101111011101111101111111111111111111110110110111111111111101111110101111110011111011111111111111111111110111111111111111111111111111100111111
111111111111011111111111111111111110111111111101111111111110111111101111111011111111110111111111111110111111001100111111111111111111111101101111101111
111111111111111111111111011111110111111111110011111111110111101011011111111111111111111111111111111110111011011111111101111111111111111111111111011111
011110111011111111110111111111111111111111111111111111111110111111110001101111111111110111100111101111101111111111111111111111111111111111111111111111
111011011111111111111011111111111111111111111101010110101110111111111111111111111110110111111111111111111110111111111111111101111111111111111111111011
011111111111111111111111111111101111110011111111111111101111111111111111101111101111111111111110111111111111111011110111101111111101111111111111111111
111111111111111110111111111111111110101111111111111111110111111111111100101111101111011101101111111111011111111111101111111101101101111111111111111111
011111011111111111111111111111111111111111111111111111110111111111011111111111111011110011110111111111011111111111011111111111011100101111111100111111
011011111111111111101110111111111111111111111111111011111101111011111011111111111111111111111111111011101011111111111111111111111111111111111101011111
111111111111111111111011111111111111111101111111111111111111111111110111111101111101111111111110111111011111111111010111111111111111111101011010111111
111011111111101111111011111111111111111111111111111111001111111111111111111111110011111111111111101111110110101101111111101111111110111101111111011101
111111111111111111111111111111111111101111101111101111101111111101111101111111111111011111110111111111111111111111111111111111101111111111111110111111
111111111111110111111111111111011111101111111111111111011111111111101111111111111111111111111110100111111111010111110111111111111001111111111111011101
111111111111111111111101101111111111110111101110111111111111111111111111111111111110111111111111111111111111111111111101111111111111111111011111101111
111111111111101111011110111111111111111111111111111001011101111111100111111011111111111111111111110111111110110111111111111111111011111111111110101111
111111111111111111101111101111111111111111111100110111111111110111010111111011011111111101111110110111111111111111111111011111110111101111011011110111
101111111111011111110111111101101111111111011111111111110111111111111111111001110111111111111111111111111100111111011111111111101101111111111111011111
111111011111111001111111101111011111111011111111101111011111111110111111111111011101111111011111111110111111111111111111111111011111011101111111111111
011111111111110111100111101111101101011111111011111111101111111101111111111111110111111111011111111111111100111011111111011111101111101011011111111111
111111111111111111111111111101110001011111011111111111000110111111011110011101111110110111111111111111111111111111111111111111011111111111111111111111
111111110111111010111111111111111111111111111111111001011110101010111111111011111111011111111101111111011011111111111110110110111111111111111110111111
101111111111111111111111111111111111111111111101111011110111111111111011111111111111111111011111111111101111111111111101111111101111111111111111011111
111101111111111111100111111111111111111111111111110111111111111011111111111011011111111111111111111111101101111011111100111111111111111111110111111111
111111101111111111111111011111101111111111111111111111101110110111111111110111111011111111111111111011111111011111111110111111111111111110111111011111
100011111111011111110111111111110111111111111111111111111111111110111111111111111111111111111111111111110111111110111111111111111111111111011111111101
111011110111111111111111111111111111111111101111111111111110111111111111111111111111111111111111111100011111111111111101111111111111111101101111011111
011111111111111011111101111111111111011101111111101110111101011011111111111110111111111011111111111111111110110111111111111111011111111101111110111111
011111111101111111111111111101110101111111101111110111111111111111011111111111111111111111111110010111111111101111111110111111111111111111111101111101
111111111011111111100110111001111111111110111101111111111011111111111111111110111101110111011111111011111011011101000010011111111111111111110111111111
111111111011111111111111111111111111011111111111101111111111111111111011111111111111111111111111111101101111111101111111111011111111111011111111111111
111111110111101100111111101111111110111011111110111110111111111101100101110101111111111111110110111111111111111111111111001011111111011101111110111111
111110101011111111111110101111111011111111111111111110111111111110111101111110111111111101011111111111111111111111111111111111011110111111101110111111
111111111111111101111111111111011111111111111111101111111111111111111101111110111010111111111111111111111111111101101011111111111111100111011101111111
111101111111111111111100111111101101101111111111111111011111101111111111001101101111111010101111111111111111111111111110101111111111110111111101111110
111111111111101011111111111011111111111011101111111111101110011110111111111111111111111011011101111111111011110111111111111111111101111110111011111111
111010011011111111111111111011111101111111111111111111110111111111111111110100111011111101101111111111111111101111101111111101111111111111111111111111
111010111111111011111111111111111011111110111111111111111111111111111111111111111111011111111111111101111111111111111011111111111111110111111111111111
110111111111101101111111111011111111100101111111111110011111111111011111111111110111111110111100111111111111111111111110111111101011111111101110111111
111101111111011111111111101111111111111111101111001111111111011111101111111101101111111101101111111110111111011111111111111011111111111111011111111111
111111111110111101111111111111111111111111100110111111111111111111111111111110111111110111111111111111111111111001111111101111101011110111011111111111
111111111111111111011111110111111111011101111011111111110111111110111111111111111111111101111111111111110111110101110111111111110111111101111001111011
111111111111111011110111110111111011111111111111111111111111111111101111111111111111101111011111111111111111111111011110111101111111111110011101111110
111111011111011111111011111111111111011111110111111111111111111111111111111011111011111110111111011111011111111111111111111111111011111111111111111111
111111110111111010111111111111111111111111111111111011111011011111111110111111111111111011111110111111111111010111111111111111111111111111111111110111
111110101111111110111111001011111111111111010110110111111111010110111111111011111100111011111111111111111110111011011101111111101111110111111111111111
110111101111111111111111111111111111110111111111111101101111011111110110111111111111111011111111111111111011111111111111111111101111111111001111111111
111111011111111110111111110111110111011111111111111101111110111111111111111110111110101011010111011101111111111111111111111111111111111111111011111011
111111110111011111110111110111011111111111111111011011111111111011111111101111111111011111111111111111111111111111111100111111101111111111111111101011
011111101001011111111101111011111111111111111111011111101111101111111001111111111111111111111111111111101111011111110001111111111111110110111011101101
111111110111111111111110111101111110110111111111111101111111101111101111011111111011111111111111111111111100111111111101111110111111101011011101111111
111110111111111111111101111111111111110111111111111110111011111111111111111101111111110101111111111111111111011111111111111011111111111111111111111111
111111111111111001111111111011111111111111111111101011111111111110111111111111111011101110111011101110111111011111111111110011111111011111111111111111
111111110111111111101111111101111111111111111111111101111111111111110111111111111111111111110111111101111111111111111111111111111111111111101110111111
011111111111111111111111111111111111011111110011111100111111111010111011111111111111111111111111111111111111110111110010101111111111111111111111111111
111101111111111111111111111101111111111111111101111111111111111111111011111101111101111111111111101111111110111101110111111111111011111111101101111111
011111111111011110101111111111101111110111110111111111100010111011111111111111011101111111111111111011111011111111111111011111110111101101111111111111
111111111111111111110111101111111111111111111111111101111100111111111111110110011110100111111111011101111101111111111111111101111101110111111111111111
111111111111011011111001101011111011111101001111111101111111011111101111111111101111111111111011111110110011111011110111111110111111111111101101110111
011111111111111110111011111111111010111111111111111111011111011111110011110101011011111111111111111110111111111111111111111111111111011110111111111111
111111111111111111111111111111111111111111111111101101111101111111111101111110101111110101111101011101111111110111111111111111111011111110111011111111
111111011110111110111111111111010101111111111011110111101111111111111111111111001011111111111101111110111001101111111101111101101111110111111111111111
111111111111111111111011111110111011111111111111111111110111111111000111111111111111111111111100111110111101011110101111111111111110111111111111111111
111111111111111111101111111111111111111111111111101111111111111111111111111111111111111111111111111100111111111111111111111111101111111111111111110111
111111111110111011111111111111111111111111111111111111111111101111111111110111111111111111111111111111110111111111110101111111111111111011101110111111
111101111111111110111110111111111111111111111111111111111111111011111110111111111111011111111111111111111111111011111111101111111110111111011111101111
100111111111111111111111111111111111110111110111111111111111111111110111111111111111111111101111101111111111111111111111011111111110111111111111111111
111011111111111111001111110111101110111111001111011111110111111111111011111111011111110111111111111011111111101111111111111111101111101101111111111111
111111101110101111111111111111111111101111111111110111110110101111101010111111001111111111111111111011111111111111111111110011111011101101001111110111
011111111111111111011110111111111011111111111111111111111111100111111111111110111111111011111011011111111111111110110111011110111100111111111101010111
111111111111101101111111111111110111111111111111111111101110111111110111101111111001111111111111111111111011111111011101111111111111110111111111111101
110101101111111111111111111101111111101110111111111111111111110111111111111011111111110111101101110111110111101111111111011111111111011111111111111111
111111100011111111111111111111110111111011111011111111110101111111111110111111111011111111111101111111111111111111111111011111111111111111111111111111
111111101111111101111111011111111101111101111111111101101011111111111111110111011111111011111110111111111111101111111110111111111101111111111111111111
111111111101100111011111110111111011111111111111110101111111011110111111111111111101111111111111101111011111111111110111111011111111111111111101111111
101101111111011111110111111111111011111011101111101111011101111111101111111101111111110111111111101111111111011111111111011111111111111011111111111111
111111111111110111111111111110111111011011111111101111111101111111111111110111101111111111111011110111011011110111111111111111111111111101111111111111
111100101100111111111111111111111101111111111111111111111011111111111110111111110111111111111111111111111111101111111011111111111101111011111111101111
110011111111111011011111111111111111110111111111111111011111111111111101111111110111101111111111111111111110111111111111101111111111111111101110111110
100010101111111111111111111111111001111101011111111111111011111111001111111111111111010111111011111111011100111011111111101111111111111111111011111111
111111111111110111111111110111101111111111111111111111111111111111110111101111111111111111111101011110111110111111111011101111111011111111101111111111
011111111111111111111111111011101111011101111111111101111111011101110111111111111111111110111111111111111111111101111111111111111111101111111111111111
001111111111101111111111111111011111111101011111111111111111110111110111001111111111101111111111111111101111111111111111101111111111101111010111111111
111111110111111111111111111111111101111111111111111101101111110111111111111111110111111111111101111111110111111111111101111111111111111101111111110111
111111111111111111111111111111111111111111111111111111111111111111110111111111111111111111111111111111111111111111111101111001111111111111101101111011
111010111111111111011011111101001001111111111011111111111101011111111111011111111111111001111111111111011111111111011111111011111110110111111100111111
101011111101111111111101111111111111011111111111011111111011110111111111111111111111111111111110111111011111111110111111111111111111110111110111111101
111111111111111101101111110111111111111111111111111011111111011001111111111111111111111111111111110111111111111011110011111111111111010111111111111111
110111111111111101001111011111111111111111111111111111111111111111111101111111111101101111101111011111111111111111111101111111111101011111111110111111
111110111111011101010111110110111111111111110110011101111111111111111111111111111111111100111111111101111111111011111111110111111111111111111111111111
111110110111111111111011111111111111111111111100111111011110111111110111011111111111111101111111101111111111111111111111011111111111011111011111111111
111111011111111110111111011111111111111111111111100111101111011111111111111111111111111111111111111111111111111101111111111111111111111111001111011111
110101111111111111011111111111111111111110111111110111111111111101111110111110111111011111111111001011011111111111111101111110111111111111011111111111
111111011100111111011111101111111111111011011111111111111111111111011111111111111110011111111111111010111100101111111111111111111101111111111101111110
111110110111110111110111111101101111111111111111011111111111101111111111111111111110111111111111011111111111111111111111011111111111111011111111011110
111111111011111111111111111111111111011011111110011111111111111111111111111001011110110110111111111101011111110111111111111111111111111111111111111111
111111111111111111111111111101110111111111111111111111111111110011111010111110111111111111111111111111111101111111111111111110110111111101111011111011
111111111111111110110011111110111111111111101111111101101111111101111111111111101111011011111111111111110111011111111111111111111111111111011111111101
111110111111111111101111111111111111111111111111111111111111011100111101111101111100111111111111111111101111111111111110111111111101111111111111101111
110111111111111110111111111101111111011111011111111110111111111111111111111111110101111011111110111111111111111111111111111111111111111011110111111111
101111011111111110111111111011111111111111101111111111111101111111001111111111101111111110111111111111111101111111111110111111111100111111111111110111
110111101111110111011111111011111110111011111111111111110111111111001101111111111101111111111111111111111011111111111011111111111110111111111111111111
111111111111111111111011111101011111111111100111111111111111110111001111111111011111101111101101110111011111111111111011111111011111111111111100111111
111111011111111111111101111001111110111110111110111111111111111111111111111111111011111001111111111111111110111111101101111111110111111111111111111111
111001101111111111110111111111111111111011111011111111011101011111111111111111110111111111101110111111111011111101111111111111110111101111111111011111
111110111111111111110111111111111111111111011111111111111111111111111110011111111111111100111111110111111111111111111111100011111101111111011111111111
111111111111101111011111111111111111111111111111111111111110111111111011111111111111100111111111111011111111111111111111101011111101111011111111111111
101111111111111111111101111111111111011111111111111111111110111111011111111011111101111110011101101111111111111111101101101111111111111111111111111111
110111111111111111111011101111101111110111110111111111111111111101110111111111110111111111111111111111111111111011111111001111111010111111111111111111
101111101111101111111111111111111111110111111011100110111111011111111111111011111111111111011111111111111011111111111111111011111111111111011111111111
111111111111111111111001011111111111111111101111111010111111111111111111111111111111101111111111011111101110111111111111111110111111111111111111011111
011110101111111111100111111111111111111010111111111111111111111111001111111010111111111111111110011111111111111111111011011111111111011111111111011111
