890977563
121118704
552123440
108451627
866663779
376697281
424544277
673888091
625371324
493258659
519785601
744451996
832886085
514229609
367815302
82765589
336516556
621969048
233985090
720852775
359762040
211321314
729915830
927915600
772760047
584528510
380571235
309129086
855810244
179359176
649124037
226966149
84552582
939961199
304791852
516692417
699121990
855639620
585164258
803279516
156339683
209260367
987048718
681969646
312559398
882532416
208518020
356999029
523356168
277932164
351722387
755043189
544691605
465618559
713074875
777011585
220996461
668017385
442054268
672584169
785565541
579940546
712825033
986870720
78850122
226870131
278781212
223507208
151322565
855956867
56007203
378885372
60941274
105535768
510572026
50785419
74141366
99309998
135759884
708786073
968198607
438631826
386120170
461965577
900552578
293639309
259059206
54180686
379131474
376243210
163826619
352123557
88839593
78633569
648371915
877677749
63379272
697712568
336762604
948383586
75108817
584262782
171137852
577899422
133288508
881105339
817254231
781767428
856372783
413616953
622982886
654839914
109563656
490124332
745706150
463953500
320746736
913251649
381087725
307026989
845701038
396852619
209578492
895266871
966863938
635579476
554684643
226650255
821763712
430602759
233949951
209185571
378916676
862935634
735476781
400044884
126996182
332626428
156706182
183221549
835198390
206568421
474185668
158590085
882859289
432376852
508074278
989988331
620921301
583281730
208102422
408140231
268519284
645281800
332586766
969074795
975877673
998981110
901781921
602340068
957836922
557153042
411736771
168522168
504811114
771320311
391838901
792108409
941298226
851615766
309086704
63673770
376559130
289194929
243484286
194737426
917365635
643171062
950527653
464464090
134570749
271347218
973338991
662141482
449649903
692707005
602149908
549538099
337202272
293827953
777725338
936930542
525562871
997259071
705546354
475806931
822867415
204952151
760064963
968333835
576932248
682557784
927190695
433670259
50821122
83311402
561833892
802160581
81982722
364023179
333444513
402588113
772351945
583418397
610507204
838666525
948149079
578338216
337002018
196071112
817510905
247838789
196593922
318275562
635434145
674553453
966068091
333020828
990058710
720816285
426473875
778147521
740263073
784564798
131337491
812893781
99494441
271011505
806069456
472547999
351481459
858876880
986510509
810754581
327831310
876960837
239732535
199761139
286147850
710772036
742053952
720868803
387971963
54449643
942131489
453710435
945351381
231115392
924664053
855748709
703194664
228433464
600922047
960834319
320727325
633448345
126678578
344618935
280038719
134142616
805415362
479607425
508501185
475923367
356853816
524712574
485027324
324782880
517318585
690306799
897478277
922572250
693425777
406540071
323167080
147009886
128222685
956622350
967349123
303436724
780347827
879350466
743616256
791142614
511036782
935915735
487880774
432704319
654731009
545066043
487363703
366296412
906874157
914189363
803370013
818206900
187761421
519407508
158107760
655819196
887212052
972722116
127367832
728177295
797464963
243816367
495632736
264182029
716475128
661990238
180400946
771735268
360583186
996740791
284566845
686394715
762986253
496362365
489622849
811208004
325139839
226033665
544307802
497109845
636724974
488941159
423032035
522567262
674507160
84630762
994515266
931021670
350490326
861736338
672407375
739175334
541976814
329000842
258387129
894839341
242779542
794201102
731168278
610671780
673282950
382982403
906609419
800524076
639357624
472875424
814646164
365361123
818427199
131628017
151561862
686664190
198728366
538235440
586436371
417079528
749958477
214217537
918108176
890973841
451881434
959170132
202366772
494159338
643172740
840491184
337867640
686713968
174227057
876626585
933470525
918665817
562544598
355387242
467762660
256629894
535212208
918115030
50274856
290074219
467626092
812986940
524658787
704692207
181650163
890902841
508477108
585883465
450933861
280964311
411328715
363189891
564444021
820300244
990408993
844762075
460404733
351868763
108478988
962991750
264543270
724321337
85720996
710398352
938739814
488480169
181475762
391502889
108170435
460524646
351392767
647411278
490097122
939253419
530949154
637173132
795975082
398133999
387950983
763558757
120791211
751218984
815681565
818908500
617016986
872796360
58847467
920184909
151792504
850390228
571467064
543720577
361702245
555328245
875071171
338515810
171467417
717400766
355669594
650258755
959693110
202518247
980314214
129555056
77438647
456933234
371308103
374054840
638613982
309760035
673817277
663833858
477360350
226362435
884703643
185743009
163942513
982082665
213254890
139734564
692670550
179951815
787606634
569054387
990479376
673506570
818529284
325495071
426264768
382179609
286840279
389007034
50581063
756191785
626249474
993686964
127908720
681659779
782383460
109455037
158176875
556818746
599310020
841165943
341250732
395512299
645722579
285060193
563030289
378199282
438248139
165183449
496153235
404774541
510804071
528059512
357400320
414406648
564117371
689633386
401150612
857205347
461581841
846616279
250492318
91497031
239996448
666010008
986498357
620157191
427003782
683472231
853850339
802781429
841828475
628335385
569173478
420082332
384262015
656000298
99355998
225133919
356691084
983586808
708919473
692986762
161409348
711285944
612855680
287051200
525829178
477664994
187224650
231518752
252525531
981086263
847884914
397713547
334681866
689312998
68280477
505905470
353178952
377686441
255208156
311983614
620015802
708627960
627744096
677144688
401177467
555823050
280335403
144379696
467321586
131503840
585215114
607413662
290460236
258427327
791891457
240078705
349946432
936637920
301617860
798231682
641692265
810754492
841468265
546910808
810525295
93003204
664920881
631209672
169963041
624806321
708776506
515550859
957293172
990066262
415210956
227223532
75370023
165038283
79166972
324871527
189966814
886571648
52288266
555800675
246035678
569090968
878350188
475131670
224577073
554643837
260553710
714189751
552139387
385468489
566644344
177574522
840311546
493456033
229332935
576753136
127364499
730944326
222210569
83371947
900331499
718745407
723872830
683777525
672990997
726630310
228784439
492145318
138754789
568372289
690423206
463527395
709170059
345530203
349849344
676151388
398127846
411000866
933992606
787192466
62422494
126171598
517636391
880184211
967185940
522348757
250182002
791333415
148239510
79909677
220553637
671613154
519415176
273537455
144594670
207561306
203423088
876165783
182420851
469863197
850115293
810368470
210040117
656309100
630661838
76535744
423315958
558894840
198482125
799526679
597285630
634655626
68758359
209784741
415413196
848583765
782613044
672665525
687179149
819381135
388628792
873119572
103566894
703149629
119933917
508624122
633154571
558731140
785458324
366611107
76267276
259222263
844530928
824535277
524427809
766625929
695484708
528218984
666864384
562420094
504066774
240790710
581594617
772243316
852968099
223731065
995066994
133039698
170159977
445338393
769095733
796152612
443139963
406533523
778351104
486102118
917103687
331142960
277594081
769688194
484470715
943365899
906501477
496010196
374354542
617337641
960573315
273114061
891451263
268059125
125054655
857274377
948760209
803138950
321406939
979729812
525098358
749996133
617063481
120297253
696838145
838134410
109681254
314923017
835272664
120471793
233120762
456582521
993878091
261278443
161611595
922646897
498967691
889416315
299156278
492803405
119155441
352971038
687537853
401983002
597751854
685314825
538230649
111206416
782901540
814315935
470622578
352453496
810704479
350795318
822658586
257021787
764027645
135216933
903130911
490404708
768590238
580538472
638079648
478422297
582303791
884687009
855087330
966846206
925024094
455517091
681515206
783472351
303893744
287822721
593395736
846232767
639072941
620954920
757441326
113287245
311848135
71622950
491629173
394433643
412782438
442103239
308253904
367347101
868694993
131227357
295003767
180277274
323859679
816813324
196437225
760545187
516023326
257420258
638269708
221452412
640148161
640469095
894855851
584995106
600428287
261993413
267770536
599882205
931711779
934162186
236204980
462704058
312168646
621600452
966629299
778393247
671993675
708578685
759234512
331213155
605054373
331825101
426693180
567260947
244782789
845214293
153607156
853426475
443085773
446589073
893334170
742637712
863008482
702925765
225138749
675980162
476683517
538672749
885572131
857370241
934003229
609131842
314552302
758102049
95861423
102063168
551823747
787113850
482050618
715719584
264880381
484622070
284351829
58277615
137096702
101965803
443104413
332466458
301255049
464491536
201729790
421021146
771326762
950345335
222845610
821292346
530827186
763146923
75227046
337062214
515011360
555611234
458879998
711388242
136913820
592189535
111659545
924688356
318051612
270571967
696271913
261987677
730045622
377115148
458448956
940300156
648018148
345982503
302980930
292850993
955417007
435860868
98786879
137397523
327308136
460230333
77061775
496543872
461086407
422629305
56921927
153249621
625284887
558009145
757429449
542041618
497724438
669845607
695225671
552335022
152826662
157429175
147855828
513264422
787375104
158358215
106877149
252703753
899322033
441563332
421559495
598751340
557273788
419415413
855767169
424738185
674258622
458940824
963331751
437969834
333085300
943842717
222440912
929056532
398360654
729677023
529321729
106105584
532723940
215896156
620866340
149598440
241534012
87408436
881338222
59033789
452635052
770185863
418010701
243499492
610082390
683468905
309437942
146757195
881829105
655508537
584317334
977737329
369856996
323665396
270406586
373853040
128718898
598254349
490203090
888183597
433896873
754755974
100313630
865810707
939172933
627425351
878146991
921963347
312441907
398816276
214638450
551258711
917646031
531013389
226957625
968780942
287820439
174684637
732464970
766694700
246392610
253213188
296479482
358892472
333805971
830908065
606320828
111163673
123496062
550378015
947086942
545795235
375388227
983469067
232755313
244743216
612644062
561816910
183690449
461766484
217671363
747734211
669771383
701423811
707358625
93917146
659869763
775253721
490998237
367806990
850810138
522997181
728802184
310699947
276536138
51630459
660363644
753946833
283471114
578859666
348352671
192357935
588635303
132283817
996751279
585532695
610967498
423326797
301982005
887806617
575105757
873938260
599035137
841556794
505672560
774918916
295138487
272042186
854425891
840199306
140626470
839612013
879028449
208502344
421226203
996999621
342421686
548373249
352375389
779134342
998739817
673274980
980559041
750869845
864537180
684211233
269284662
458227247
548619728
832476656
867630038
101069565
693785654
483773490
836959965
526751263
184463508
254600559
323912386
800571577
868684512
370944271
739603329
213480561
913138415
72021981
519524348
492615904
491912300
452170320
304574889
809467291
201211710
260722108
249601641
392170136
574038827
386400845
448721763
658394557
478063893
382150806
206008336
778800848
913846888
813733871
512391685
189702790
411896267
525248833
260808211
522157572
415348322
546994404
651790659
525138595
775807529
328894425
587721147
431447526
285319644
620166768
321642072
314634452
436734291
392510994
911319732
578888524
749853516
330000427
711820359
240753792
809471329
393539506
207122473
664096912
982285336
144128501
76830019
116691097
57489734
280744420
376098938
163338397
871033835
174375095
689109353
281500934
907304855
753154007
302429970
801136941
568498129
339658319
762576510
406428354
602174069
619724355
123124589
92271199
473524460
298470601
945940610
614848525
797406240
219860978
630274022
753099438
802539271
305281855
222795593
625929085
352692926
596316364
680237792
77975591
82308324
476952867
990450363
688396028
249573457
469325319
52650310
849476934
461325148
643303659
284767104
653607606
512920661
793898549
882182022
931779836
897633616
753067063
587718178
651462988
299888248
297203085
275541249
549313992
943422082
984412024
574338348
340842667
710449620
837672714
572459639
462774171
789668006
991492422
714529162
183275085
832795837
605735644
431986944
271592176
120691163
408269549
588020900
565262869
780655886
243818336
287437652
811639695
967966262
243794412
410963295
536949454
580104119
701781906
601491903
866208873
579967566
277689544
331675470
737483974
679783523
444571628
591702507
239885760
929431742
95815452
512701138
774828324
711989491
778201791
299999483
279956454
413380101
834089047
547327141
109316750
116082878
508668331
945422175
506477474
654295926
107879351
214811384
844258587
229892211
292415897
963397809
479353361
916613094
596391318
118378627
383594603
839233827
69498416
453243950
938037151
182980648
263464639
392909244
850535860
77811999
499000469
592196634
80995444
299532332
950648880
106423591
852616503
60373640
411146724
325259524
361778537
166587096
794517384
641220692
179513156
955035517
55600629
955452516
161559706
149523926
442567154
519361923
321482503
200792464
786431195
769335266
945397464
169069677
102020116
939360042
250881456
720633012
165290810
763437000
395537025
790334373
80029639
720732276
129423476
420025796
929238658
925363419
944562480
779406515
665062828
292837727
712304157
795983447
906709323
269399960
333909612
836676174
760027739
268320529
728564266
160117060
105583237
624735941
565218066
891626254
730640970
364280460
97058655
592158602
832259654
388176868
147552683
458924782
829248545
304822357
638474000
309579913
915088313
725534877
784835961
486553843
514572394
121667782
919507827
772741995
242679507
880869721
198150394
892123887
994904697
410887926
992234560
798550162
441940956
770637443
281156540
696686649
598952870
430722531
407554681
213223501
525749290
180745397
699946996
893508442
500993891
997895057
801754877
148007256
126542577
218804216
340151107
943499760
426527152
487722221
290407672
934953822
982906615
72900384
968278001
128408426
732202876
744347184
434238949
497305879
221510533
704015816
330760135
755674492
671152196
102825812
459869211
678158033
686406080
389173121
259473310
125806921
578936954
842926647
334373884
843033028
993695220
183861650
578765875
168823803
140358421
88912500
445243464
95440451
194994083
123907270
209543303
607371897
553863703
488741327
143414755
436460089
804909160
992037303
726328937
166495049
807825244
825166705
746862130
649997831
241899377
887457609
558381980
73033259
559001877
723476911
545584710
62230503
735320615
375169859
346450494
798166797
422741854
321795198
499168003
488322435
623067482
341164654
411664532
143467077
120332958
538845108
774481247
715441317
130679828
356316349
724818738
785632066
222387827
129477918
634192625
974547246
627658995
361428336
754481014
133099199
903654113
332492772
867577349
103754697
726488359
70861933
945267318
818997520
393452862
872767919
159494123
93349121
580306388
118082164
280678911
980171155
244612963
509647485
924998759
847124098
846186274
542614134
949029712
197547048
94419411
848726820
770373430
438929474
315440951
96542043
235360942
472580325
351136597
484950612
495410750
774883255
912465125
995311123
984387109
200259532
203745321
175534774
336818196
56349290
541302170
355622575
443742591
802622360
819114160
725209402
959001274
821279833
572780896
176495223
210216829
793976144
407065622
214586028
653972738
568457420
952385867
816657468
283438562
269225156
409038033
123030686
423882307
539011653
808372033
764080100
244368385
132657805
172269808
955920716
236738239
945232387
983361279
172177259
441060721
123045507
436099435
724862853
301200465
110468712
778565455
594009459
446225497
563220319
817139585
318654418
938025040
422519584
56725583
695247226
615680417
831955294
367072892
847640129
437790113
741677441
820505665
427248079
363363840
143312727
447120601
758929326
699807936
578529034
778336525
460592901
112180561
976416048
372805595
412212862
281778891
162528257
89517634
261529289
669566407
848632868
968303149
493871418
685248987
863981602
341565818
143615374
697744252
441284299
97934528
501043031
665057301
308003653
518629333
582074556
946714697
123823747
891081507
411648014
506807392
804030513
953983868
785195771
455961004
790347001
765077726
226484832
725797250
269482520
712013917
342233400
754880240
955376990
534392735
326582772
259225988
999046806
665908808
780619595
200779602
404458135
790637514
453723248
377946067
313419118
762715282
633167682
740647988
323846808
463067142
308512634
116212556
169688339
646433290
166610301
594867768
187067087
162076980
610181521
611681176
206389270
812320637
479096769
703270731
730357022
250191249
520301207
277968724
636289115
811998278
429397716
862547478
725888385
978742147
586990027
614503493
250418008
707420763
693596432
272372893
823522832
247011451
649443689
123124067
657690359
241541575
835476979
902951312
612483775
653194671
564500971
148458246
813619092
337571893
345338535
139621801
784661603
654208425
356487385
714340119
923600518
869908753
99333902
59309358
495287171
487900042
931848733
536603788
324835814
278917364
697964141
543199871
856873567
822602556
782973840
64690288
858041842
627814994
182689615
471314739
752684581
932282591
969376054
479270350
539831834
988364370
681311559
439912211
729604331
957039241
983944085
892026129
443464675
646962119
399354331
681024357
958072826
472733185
239202658
983594369
89201150
168503749
584626777
91369433
418090984
334508853
702779839
277360656
511678877
456630881
84500470
282545986
687284816
536814099
467498707
899486158
721735201
713125690
504586733
447867794
856915695
781587406
684582113
630169179
832204392
430257574
540087452
580500895
506613039
326763621
795715887
340082801
981143456
239966897
962104281
887837905
724717649
846727514
318911137
341130602
766971932
163921321
872392784
356643200
290177935
642893795
371965485
485068242
71022317
936825407
892426092
293033994
244327120
180954715
357526057
516010687
519016924
199267309
911307222
478955817
52767501
470503413
282317898
824299473
916288920
824330095
993937267
811060823
164254641
465600808
403794535
364492569
157452133
373385641
333540584
800520813
426616294
669754934
199772880
399489855
677600988
357837776
794002691
813833188
190098021
347453235
417396370
939255201
422789125
599662259
883806470
582587867
626343435
517824881
879379340
559083794
348217273
932520396
219265491
973707811
562390908
315304794
988663469
341092728
305190757
240149573
943659124
953202395
996971470
796895995
675278253
761936691
942536146
816270083
948065419
841978792
426211020
995141611
91629873
756149607
311718956
100347468
742224458
620183262
873875435
95260551
888546345
580001290
256902603
134684886
177544750
668782763
777528362
888118603
167598363
231042493
701262641
443215656
708564271
414957243
86113725
498576348
522508488
717875103
941289892
835409283
242413938
526130550
509926529
401242701
242889392
89156075
473023197
697497822
192940310
232034090
806901841
893550608
779950562
470052750
105007894
495049166
184738165
648776609
814739414
469088304
83072321
426067616
603652442
325665042
968252862
646834288
846366350
669645459
445018301
531737259
460195951
485199053
621559887
515659459
707006418
502950101
710109727
164331214
525813472
134435821
77799056
301764168
197505026
443442851
662835294
739187097
688515090
101176853
789152767
686212062
560445866
683613018
51030246
661829723
275436491
846228161
513633322
663920524
685344925
729126130
235734294
584560458
623342291
114299427
652009949
182657197
97576691
656183402
570397190
839892503
769968982
482490826
499125615
82779518
910153203
852807129
392761572
998875890
379403909
803602298
182025486
543644304
454870134
636512553
418245965
250198926
779232165
792799544
515099574
269727291
493292089
950862878
695349312
920216492
256535117
556109548
421229865
581659761
813721350
572863724
399978633
387339404
842288819
994325440
443485576
332057824
