860716214
171863562
641060635
926785553
806749179
221290026
547517150
306768430
768043324
122168997
811192615
156110367
418438588
350420402
402760155
928030358
374168419
541073342
561806240
378964134
524354583
449478767
549559759
574447966
424227898
107013531
407592899
673760509
581757758
664486402
902512070
71111473
579606314
260090062
812955694
72831113
315695734
873322856
281014538
275436126
120359694
920445947
705025136
623006435
835369888
290581133
125722271
538052508
325012523
356801105
158721131
766610193
331161572
302535592
174394746
823806965
88508608
890791337
104920835
875857102
593558786
798133735
795099903
609552949
757697643
351488167
791511670
656039296
258580166
999249909
949121879
957479122
970762457
412450718
651770304
385617624
716253157
424391257
104747147
309915256
818141111
258987945
552397100
396277028
623523938
461490457
233811617
474975315
111500500
690357197
295502563
433115794
382944724
973071467
148738709
573370313
137974581
825399367
89082397
844076974
897327835
818410599
531809005
757442201
480829705
520141624
922346676
673088638
126716297
614087653
410414449
241365685
52074075
445760992
361993743
823339445
327529526
452262670
432219886
140784099
155662352
846614511
656581963
982306741
689777227
700583029
629416414
490432193
912589149
846914038
242351102
900994457
129084104
425399077
422966714
78111476
282960901
354748065
190950641
885121706
959548709
280898069
230472080
734872722
711459778
998227315
894147007
710422247
326943589
853272130
938995136
135494803
687444401
927123779
974554641
775692335
627719865
252096915
752909931
696812749
818740852
499883866
445302131
198132232
803506317
515458359
453316494
738620878
54314517
188358252
84723107
285610110
479819300
95523758
149423274
369260486
890085922
306486203
213981395
605783824
265848651
241423030
393330108
921302475
528641200
400930739
301521566
594761885
318121700
904011999
128317159
413953451
260914777
831142013
915101796
965583316
478980391
788595414
147721450
534069186
